z
1.3499106118804478
1.2036817733791565
1.1575278508015274
1.2333264800495682
1.425308094284327
1.2842238524900031
1.072537437967334
0.9181783863944644
1.0052273793511113
0.7930455465187237
0.6253842264366296
0.046305671481099084
-0.05253854044038286
-0.022665321932189536
0.25785243911511263
0.3393885824524421
0.2925894635232131
0.3124934109914724
0.2771339865053414
0.7432024656568024
0.5819005997344712
1.0053894911025463
0.8726168111385706
0.7829106557092504
0.7499322963385395
0.6651230553813868
0.7688602777120119
0.9481056480460169
1.093081374877571
1.1417390415726338
1.2076103682173713
1.0347772095903676
1.0266161453989375
1.0990486674744298
0.956238752845022
0.8547973073167473
0.9301558906419252
0.8525109406326591
0.7960233623033602
0.7975454255280159
0.7271911952828928
0.721218497733014
0.6230379738225386
0.6203283327581631
0.7398685688506645
0.5665452084754102
0.5868162337479313
0.4926399538262699
0.4687939657745196
0.6579279149173884
0.6259973561300429
0.5279793347681433
0.4401635044335966
0.4874751792217508
0.4435828641392415
0.3806668965654332
0.27251674333145137
0.29267125560940177
0.027443916326260948
0.12323746882510322
0.19968230322479769
0.41252044504629964
0.2706642664067642
0.2360172188879647
0.214450874211189
0.21131020167028955
0.3057143581808002
0.25380885925422497
0.2076388009246694
0.25877139650543607
0.2610037042684691
0.18889505800206804
0.2061306625358933
0.21318924843472176
0.3204976757943307
0.23925184785553893
0.27599557808588626
0.29779288634182527
0.1836482612235346
0.295951288044922
0.20214786153911737
0.03813504669521194
-0.10289560675994545
-0.07609780452133949
0.27879210271222565
-0.007037569588822859
-0.7156997617438078
-0.48101382979869484
-0.41363059627801246
-0.3593372438110332
-0.1220712432541015
0.03400489017285709
-0.07168183528330653
-0.05346720225273673
0.027405840441393617
-0.009031906936967324
0.020078450365874644
-0.08027375228497832
-0.13372871585117668
-0.04179434655759117
0.1255825605082339
0.3906738516682653
0.33849319317276283
0.2927791452058299
0.2059656424344977
0.08036137976813229
0.08227593077090603
-0.0032583807943300292
-0.031614929238003596
-0.02905335655468756
-0.11691945130411871
-0.06749351898534071
-0.1556844684130252
-0.12567408389518722
-0.0426675520780764
-0.198789433353269
-0.1511413272953215
-0.18710571180694782
-0.23196456850260777
-0.17986476229937065
-0.17592076064836135
-0.26184451624214267
-0.18910591215716474
-0.2922342020485307
-0.1902734945124585
-0.282660525224249
-0.348675572044498
-0.31824514478957766
-0.30515113018784956
-0.2790132439999167
-0.40677854468630636
-0.32487467262695113
-0.28817454458482894
-0.28743865191750784
-0.21766968036490716
-0.2958598694454844
-0.28990875817811
-0.32283736678681263
-0.4012101687975715
-0.28473901218089315
-0.2613632037208875
-0.26070778555707175
-0.3244792574653322
-0.3932044907829637
-0.2571447555805308
-0.2465879905639422
-0.28347251197026724
-0.3419845635808225
-0.39338171737848926
-0.3777312714444499
-0.45132765489698723
-0.372551801099635
-0.397718676739116
-0.4813309745503119
-0.5666936003013704
-0.495146738103733
-0.505094956289119
-0.5650147865105671
-0.40115150192010574
-0.5209169533778674
-0.5274609502694368
-0.5928115673809864
-0.6368147278011481
-0.6454634740862801
-0.6474031209907452
-0.5126129992918299
-0.47552596177611917
-0.4640812757774898
-0.4431758215826855
-0.3996526737894328
-0.4781328411016637
-0.38786405432854765
-0.35697776407421333
-0.4105257120443166
-0.43581320375034216
-0.4370347099383109
-0.37666639848776207
-0.3087248213443572
-0.3292145218264321
-0.3483561761389957
-0.335041620189132
-0.33977067062592164
-0.32217146703671734
-0.3470430369672371
-0.2914004024022711
-0.2867216472569867
-0.33553594873162856
-0.36798036136958556
-0.47209799474937486
-0.43876475278367544
-0.5046132529034422
-0.44264487726142526
-0.4567866301920164
-0.4383315689922917
-0.4106286072547172
-0.3959488659541639
-0.4190992274929892
-0.3819834796373666
-0.38331546642283537
-0.37425815652425864
-0.37442113543908223
-0.414527956153468
-0.3128736957962021
-0.36780238822891165
-0.348966117704683
-0.38783843801188433
-0.3842368027074252
-0.3440606615111733
-0.3822764609946082
-0.36751019552202047
-0.4352208629079104
-0.4484187729849808
-0.49986483786976393
-0.5486627132731354
-0.5693676122468991
-0.48523341246422574
-0.555893859180889
-0.5288129551830155
-0.44315214227135025
-0.5528569804339336
-0.5176445167681898
-0.5467253399576907
-0.48664067192895943
-0.46549826916764875
-0.44550637873845533
-0.3809734715085049
-0.39925696773662717
-0.4293688354806042
-0.43560484319625026
-0.37906697684581964
-0.37766714976278787
-0.40093488494540613
-0.4404634161687398
-0.44943337059428673
-0.46338452284808984
-0.47398783013407814
-0.4452467263325931
-0.4784824882989688
-0.5101186160291314
-0.45080254835638806
-0.48257209375606364
-0.49543611145828187
-0.47822303912881237
-0.5409075978852923
-0.513489049600457
-0.5462947535843697
-0.5195975029814971
-0.558942118707607
-0.6166054329723336
-0.5015638746418914
-0.5685772595813601
-0.36665730992204476
-0.3187935915572741
-0.36784599277673774
-0.4449701250990556
-0.36650477368324735
-0.4509899830727952
-0.42435200359546216
-0.5486285883604782
-0.4781959333781288
-0.5115857872702237
-0.4901582101914856
-0.5344871235926024
-0.5164909596564425
-0.52370884556741
-0.5022199131712907
-0.49824633957430214
-0.42550728227988305
-0.5164671638168775
-0.5829407334627795
-0.5099727058706116
-0.5225555265648945
-0.5611437291792073
-0.4302182806273741
-0.41426379571649685
-0.3951045822222668
-0.4088379962172352
-0.4191423226938173
-0.43999029274245827
-0.46120140369501544
-0.3817294846772466
-0.43411609717195265
-0.3470608090310199
-0.326219329445278
-0.32423633402565655
-0.30772418067617513
-0.31446222232333665
-0.3340283325885604
-0.34284967378010267
-0.4499568451770056
-0.37997482251743075
-0.33672454861523593
-0.3683133763082752
-0.38137501825148123
-0.4022808134820962
-0.2169825392490296
-0.2912958232520951
-0.24398109550660116
-0.20737338752617443
-0.29597367145745535
-0.24559627122457175
-0.25358821350123784
-0.21736261056913891
-0.2587482267177776
-0.27473914764240215
-0.2414331149279419
-0.30961094041146314
-0.3090332686798229
-0.2957487784584637
-0.32664862747931667
-0.39293942935195364
-0.32533518864108196
-0.40792305657187533
-0.29889015794764096
-0.3117122107239294
-0.05091267019024285
-0.11198538618519965
-0.04442564147289923
-0.17566404281705542
-0.11758574086108499
-0.1687631786295798
-0.1646463673780157
-0.2014621116898387
-0.1876822229834586
-0.22901779271169423
-0.2513841559826273
-0.2591247593112213
-0.23113612250976176
-0.25572257239951784
-0.24395488101168683
-0.25272013915063424
-0.2328213036080544
-0.25024895461788105
-0.3247628283651397
-0.21167033155967505
-0.17469160977673204
-0.21576414661252713
-0.24687140361273704
-0.20748856157548415
-0.23748710592619796
-0.13678277355177376
-0.16243430207741652
-0.15778147523701225
-0.13310985655330074
-0.15546721650167766
-0.10891119738427547
-0.04802615901725947
-0.05465585065950827
-0.11014075775939672
-0.04915674137073962
-0.08895302891356395
-0.12667419124083454
-0.15978277383433165
-0.15148220486813976
-0.17956638375822792
-0.1372762864510823
-0.21434120200731824
-0.17179144355159548
-0.18149194555692147
-0.08991295701240201
-0.15773937234020285
-0.16426648902875104
-0.1880069696135838
-0.17368666717181827
-0.21851365238447126
-0.3313600312552
-0.36104046790947497
-0.3707472668274125
-0.3882867670446253
-0.3476754690763736
-0.35278091877432954
-0.2756646573930101
-0.11661969533978894
-0.18160727366887308
-0.14451483108191066
-0.04568936807215917
-0.05682028285293964
0.010496133301453823
-0.0016374204857359915
-0.06908110868016923
-0.08241662049054975
-0.04717381366899858
-0.11059033612871753
-0.1472439585439183
-0.1545847262440668
-0.16485365042699607
-0.18353989445943164
-0.21125255457385236
-0.1519268074760447
-0.20201025269200854
-0.2028001156757256
-0.11935962334267394
-0.13644940073009199
0.09650218930228892
0.09574107235310303
0.08036777812563681
0.15371107441575374
0.17203003940298048
0.1440247595522199
0.10986346301667858
0.0982456246170139
0.07304419551437284
0.04318631244618839
0.05322350276842324
0.04197367652879201
0.10452017880932525
0.14613757514870768
0.1549421357075475
0.3107513034576467
0.34260515731667196
0.39299624979162023
0.452072902788173
0.5007783958122124
0.5050723315403436
0.47885611466841926
0.4890823826848594
0.441096333598176
0.49457382785259196
0.7558743090134447
-0.008715810738532602
-0.14475102780914617
0.0005680128139267828
0.24744291608595742
0.4996083405931471
0.5237710187974569
0.3775175355683592
0.3327845907345816
0.2495272742084774
0.1915299349788364
0.7326252192762888
0.6155553842614722
0.6490399487910359
0.4752532981771754
0.32124187915910246
0.21472150842435145
0.13417532792861683
0.19763485276438597
0.17567932154089821
0.1183699431404835
0.1311865845706225
0.15641850405276425
0.2788956169038181
0.2231246541879442
0.31958328060235497
0.2505772246568012
0.19450775899737277
0.1974308192792476
0.10097565656835049
0.0706892599318469
0.015660453292725685
-0.14116165956581037
-0.12149730638114745
-0.34959013540938366
-0.5776568816068944
-1.236985212188518
-2.334881844066629
-1.3739363988006816
-1.6033438905286708
-1.625249928582565
-1.2795444303011823
-1.333732816092329
-1.6193234107829777
-1.852710709957946
-1.4503642705177666
-1.3141965077763844
-1.23796718437705
-1.1616076282112704
-1.3371538501979336
-1.0268921003041152
-1.1715380656128136
-1.3173138124280122
-1.1719348022939255
-1.330765618804925
-1.383444234527846
-1.4770465907429697
-1.7118355571459762
-1.513224726403919
-1.7082168845628105
-1.9949025820979223
-1.8837991519125228
-1.8983851710471562
-1.8151999511114874
-1.8177254569707928
-1.875212850118165
-1.910944266536873
-1.9023719913839265
-1.888282724477896
-1.9363683934918667
-1.83816110681812
-1.9074210357683636
-1.9466698450938014
-1.8241218513814597
-1.6751544470549697
-1.7703618002267085
-1.8623813637698197
-1.919564075625625
-2.0622218903473355
-2.0139092749394445
-1.991575447826418
-2.021337426312113
-1.8983497923335784
-1.9457218011010846
-2.027004075275582
-2.0221968596840942
-2.0311074093585666
-2.041430476160668
-2.1002316780674257
-2.114646360147483
-2.127705247918655
-2.221866929873668
-2.2276776242338023
-2.2129511257484937
-2.1443499446986114
-2.1011716636795623
-2.075230248545979
-2.058666065587026
-2.0875262491270123
-2.084905272357686
-2.1583201461368158
-2.1762967445182406
-2.1207365812425953
-2.199852977154381
-2.2609913902869185
-2.2892590674247373
-2.181362991455454
-2.1663388255648415
-2.1706341660054167
-2.107842243520533
-2.0212947052928563
-2.050672935285279
-1.985673565400672
0.7042367851596139
0.37762393026241464
0.6437019700146963
1.5952937292967724
1.355120713320757
0.8771562324695923
0.867651250961469
0.1498063759361008
0.36808482781766405
0.061137007272515635
0.20051489663242092
0.007884272593023522
-0.01743071337081761
-0.18425459446858444
-0.18463132265611223
-0.1714099343843826
-0.2810361706360822
-0.18279818445623558
-0.15451708542508166
-0.3107781258226926
-0.4589624484572342
-0.5084238586341586
-0.40821757897650146
-0.39947688603476506
-0.4673715898426664
-0.31864844946725196
-0.2701314100610038
-0.24907303526900662
-0.11747716353321032
-0.2287926980673096
-0.287849066352685
-0.3213775097515164
-0.08058657296243167
-0.13734667962189756
-0.18752426918854612
0.6647195273417071
1.2178541935837668
1.042344486545861
1.068596077213941
0.9063692856885736
0.7493214053461038
0.5061400345702027
0.42881273149822197
0.34110816400258503
0.3235586715099373
0.33915324588244794
0.3099354614921178
0.4209630550964249
0.573913432249698
0.8603587183012499
0.7893159767626593
0.6265548439467827
0.6907548657359112
0.6228393658302809
0.7935185742809181
0.6135241977577549
0.5607576694252319
0.5126724096641267
0.6051424012279115
0.48570283567725675
0.47596530876285326
0.41330079594843927
0.4374696450032524
0.365741990281656
0.1994005366118713
-0.020050078651932184
0.04251799074774655
0.13124377854182326
0.2300620827143198
0.1635675262808608
0.0956504648527779
-0.17655787745325516
-0.6521277432863077
-0.25504211787242265
-0.4817416245444888
-0.33079397564846974
-0.34976660493816125
-0.37388026925623946
-0.6123098213166719
-0.8671223153911756
-0.6925841035924571
-0.7568698776926189
-0.872472430007678
-0.7124554899629466
-0.8578562336625196
-0.8452589460969251
-0.9338289926643678
-1.0042052377653778
-1.0602895625048279
-1.2971221972898983
-1.1163886290252367
-1.1280082720996671
-1.1685456797685025
-0.9129142384275045
-0.9325538159623976
-0.8363940024357075
-0.9148739489407767
-0.8592700881735352
-0.9105141995051927
-0.3542062511775707
-0.46715998943818005
-0.5946533338846849
-0.6272401474598728
-0.675141861532775
-0.685414637721569
-0.780577550075567
-0.6934324160932743
-0.1746307650474825
-0.28458869638273065
-0.4668399105444841
-0.6695088056975586
-0.6322575636524124
-0.6561242514664483
-0.4271906906468426
-0.5533692460074605
-0.4629156684175519
-0.12655527682578063
0.48555090945124874
0.30885713258475245
0.7144289486630482
0.9431735598964289
0.9383069745619746
0.7565640958125249
0.5908412885827239
0.36834452349181124
0.29053144236921813
0.38208631792494463
0.19367393760349352
0.19688927097715453
0.184682322669587
0.45365998497114707
0.456062347909593
0.517136221096444
0.7609071950501297
1.0166860208299013
0.8778045798032826
0.6721924556328219
0.5394892552826189
0.8201488614171855
0.8465763132295548
1.1297625963487437
1.4470707788392656
1.172217065745786
1.0136692647341765
0.8086374387914991
1.0866835313568548
1.0553796728880973
1.2350882770966454
1.0305133481894078
0.8717324409527512
0.8851707079567993
0.7921467250908871
0.8023717744892868
0.6813064979982566
0.607860270411657
0.6378226974091777
0.6715479762800647
0.5581081012994576
1.105778806222989
0.8912625523855384
0.8519987138032142
1.079628240087137
0.8533830041930571
0.8148245203867217
0.6909994526565802
0.6933291868095345
0.7222975098389246
0.746498477784308
0.6508621341939781
0.7106750734061836
0.7858231156614256
0.7235133436683786
0.7313244771092628
0.8823433622939965
0.8857287234371571
0.8092814364975383
0.8703329856974501
0.794820947321209
0.8505927038369033
0.8924356692946198
0.8476664240535868
0.9994956028757562
0.8939668608224297
0.9841364506313891
0.9488070621927241
0.8791287905851004
1.0023241566241654
1.027085144439618
0.7990047603526961
0.735852482040938
0.7630801536446924
0.8749946209259667
1.6499774652539358
1.3495578459691107
1.304022155146162
1.2247550335625805
1.137859850433659
1.081247997621936
1.1821895312261386
1.1530393060308344
1.0642851571734102
1.3048831836030232
1.3029373169119465
1.4058541600625716
1.501223373451325
1.5327989321232423
1.59659307644227
1.6543458115507361
1.7954266125975666
1.9164220427382876
1.9831833787231472
1.8745080742767128
2.192005020995959
2.5203198268006872
2.398972027145031
2.52263768804569
2.4185589674361974
2.1521111514317135
2.017519142348917
2.006561598212473
1.8309866795276628
1.9440638668697388
1.9641152759006957
2.1072665664364223
2.2091309447357745
2.382035970100055
2.460979680041346
2.574468698188809
2.8883590461835276
2.6886106900444866
2.7350375769631983
2.5122652483684513
2.9369066442325704
2.6573496505856076
2.4067546685577126
3.118722755547625
3.2614525572667037
2.8786037531477087
2.448122830506555
2.3675511466229238
1.9896969566099294
1.903918713045341
2.2955128273373475
2.754419097307961
4.012117098664643
4.350981461305613
4.2209119736469605
4.412428924786542
4.618006629439622
